146.6667 1 -118.90262242526536 544.9679369770232
146.6667 2 711.1769216736968 1352.5764036318128
146.6667 4 251.4696800035802 90.93442011496107
146.6667 7 676.6725842000702 371.80973835009166
165.0 1 99.74296414841145 85.2451022650988
165.0 2 45.48347869052999 4317.538052015158
165.0 4 214.90914655206075 125.1565586240773
165.0 7 1310.6700112075312 266.92930175657153
188.5714 1 370.58863795170015 1000.1743663648641
188.5714 2 -410.43816804127414 12.040362500884155
188.5714 4 344.51345091403476 130.98069011845988
188.5714 7 830.0660832834179 239.4819169317416
220.0 1 763.082284153367 448.54567321534023
220.0 2 426.09609551574556 311.0504234574559
220.0 4 121.6436074815826 86.66668022309615
220.0 7 333.16498569371385 96.3897449465286
