146.6667 1 -354.2710133035808 652.9251273111436
146.6667 2 668.5113239239815 275.6515221232082
146.6667 4 -73.34082051338977 223.5472170988786
146.6667 7 -439.4670069052349 152.99290184404038
165.0 1 -507.17995123819014 300.8722106596464
165.0 2 -115.1711861745426 209.8870724448917
165.0 4 -218.70381279297646 77.53264188695437
165.0 7 -375.3904135839628 80.216676091556
188.5714 1 321.2725398276239 148.20806741103945
188.5714 2 126.29388162666108 102.23909818509787
188.5714 4 -87.73667112643797 40.906527504912816
188.5714 7 -113.87061184891901 32.61580048303616
220.0 1 46.38495612930822 52.883697262753806
220.0 2 -85.44350829332687 77.36197293065847
220.0 4 -2.404446854764903 18.1522163405259
220.0 7 -30.25103661926576 22.710926323674972
