146.6667 1 -374.6723206719435 527.9217536844028
146.6667 2 748.9814123505337 295.9069194525406
146.6667 4 76.51210384988835 259.9648771946806
146.6667 7 -147.70428981067877 180.71002654540544
165.0 1 -488.7088514260698 238.51154731550866
165.0 2 -118.01143642840991 153.13852656345918
165.0 4 -50.58181811143608 79.68475598071896
165.0 7 -120.86968747623406 69.97751117554752
188.5714 1 -20.883303934756945 81.0505643273856
188.5714 2 -87.22828890611282 51.065292105979516
188.5714 4 -160.83865577378003 36.58880698317394
188.5714 7 -59.449341380030795 28.720032105802733
220.0 1 -84.75161028103753 26.669249669960468
220.0 2 -189.417336563469 49.185963714903124
220.0 4 -100.12062694933263 14.091546660553284
220.0 7 -105.8170950354087 17.039392507541532
