146.6667 1 -36.325375521595426 165.7603784966355
146.6667 2 -504.8182388295687 165.32680628927616
146.6667 4 -217.70682207371772 123.2989222563446
146.6667 7 -371.7899602708127 89.45634161588582
165.0 1 -83.13523144501202 24.48961002113186
165.0 2 -119.15761299709716 29.651016363158863
165.0 4 -201.95421549493528 36.8659812824176
165.0 7 -306.8182438416537 34.412390600219545
188.5714 1 -17.128625976731335 8.569441270869584
188.5714 2 -20.3716378143976 11.613378830006903
188.5714 4 -52.167522269440205 11.788160645259573
188.5714 7 -162.64580107240326 15.007672234297054
220.0 1 -7.232479249182715 5.138371165931539
220.0 2 -2.7307939006088313 1.7521439205940197
220.0 4 -16.568069239493692 6.577914007734519
220.0 7 -44.30007099574373 7.193795503570576
