146.6667 1 -31.48851925791993 137.0361583182046
146.6667 2 12.939204848729004 29.81005788574186
146.6667 4 -10.036273875098635 48.59138694207091
146.6667 7 101.00173198766534 42.68415810572358
165.0 1 -19.997977436476067 24.36727786680408
165.0 2 46.57493359461152 18.85683999029361
165.0 4 45.03643973871116 25.572784050830787
165.0 7 78.86144971520638 34.99625554045402
188.5714 1 8.788022473000597 19.488956906665383
188.5714 2 1.7166264061038328 25.749147612343723
188.5714 4 32.474964469641826 24.461858746036555
188.5714 7 71.76638020709248 38.69814365776782
220.0 1 8.153921152772577 6.572040208004646
220.0 2 4.881679672959261 15.217824238854154
220.0 4 35.237805191956184 16.77683739106249
220.0 7 63.65140267401773 23.007583907731902
