146.6667 1 160.71473908985567 124.64542772863396
146.6667 2 16.004851180096615 94.84667684545099
146.6667 4 -57.91313945863528 70.93159137769854
146.6667 7 39.03370475911236 61.4025106388376
165.0 1 60.17472422474635 57.091633959477214
165.0 2 55.07099623889929 56.72878070270795
165.0 4 11.993877834974642 45.80452669445984
165.0 7 113.78544107638284 42.06738278719163
188.5714 1 188.4356883437189 57.270278773308966
188.5714 2 290.20833714112763 50.5212160966159
188.5714 4 152.38306272573567 54.100534833870505
188.5714 7 127.44277584466626 39.685223737120104
220.0 1 142.68203796568247 58.07861400034316
220.0 2 102.93235049408817 85.7943624715734
220.0 4 139.75872966029874 74.6973816020922
220.0 7 27.221764352376514 49.07432697804057
