146.6667 1 36.71862463280375 41.96549950472441
146.6667 2 108.41013507806636 50.215401191594346
146.6667 4 216.75043294499287 52.76751994334378
146.6667 7 229.32824997293451 47.0219134012003
165.0 1 34.9579560623119 20.408556652539218
165.0 2 93.85934109928522 35.01390931769802
165.0 4 131.24268805306613 34.65760666993413
165.0 7 131.41413733030194 35.60222113993343
188.5714 1 13.02410244230855 14.319234573448323
188.5714 2 29.96613531883833 19.844701030394152
188.5714 4 109.77179519445815 30.14035973378596
188.5714 7 118.60324413083848 25.00908564072091
220.0 1 -1.1822502181991403 1.147787678407078
220.0 2 1.0066277911810395 5.235892529251683
220.0 4 24.851842116529166 12.203139970755188
220.0 7 32.37319392454626 42.91593128655861
