146.6667 1 88.2296149092118 62.23264806017954
146.6667 2 49.271254968140326 59.697249534572144
146.6667 4 1.5691016099154433 56.34488885185444
146.6667 7 244.05996952824748 48.64022365278892
165.0 1 15.134258977825322 23.333145664420147
165.0 2 43.26152924382742 24.478738907109896
165.0 4 12.853235654851266 39.27827994338561
165.0 7 198.84741953754082 35.98877077069727
188.5714 1 10.198619294519641 15.65638580802006
188.5714 2 16.281955449843483 23.05777672552686
188.5714 4 22.423322845859733 24.97560559044615
188.5714 7 87.43365107125126 24.302496219211033
220.0 1 10.52295624640265 11.2278632200387
220.0 2 -8.032408490427775 5.85654551547986
220.0 4 4.957560904024351 21.872962677872362
220.0 7 16.58631998498378 22.193386626542747
