204.416667 1 708.337753 373.159470
204.416667 2 392.521672 260.790019
204.416667 4 143.114309 74.807456
204.416667 7 318.081279 84.799544
175.214286 1 319.230194 875.315891
175.214286 2 -382.817559 10.847983
175.214286 4 350.556396 121.968227
175.214286 7 752.533298 180.468299
153.312500 1 190.525005 102.826610
153.312500 2 318.675565 194.629423
153.312500 4 444.503541 211.372967
153.312500 7 668.508440 153.762629
136.277778 1 -188.314223 286.934277
136.277778 2 146.502280 2336.245605
136.277778 4 700.768220 197.489753
136.277778 7 852.256375 228.277329
