204.000000 1 -78.587857 24.729668
204.000000 2 -175.641530 45.608803
204.000000 4 -92.839127 13.066707
204.000000 7 -98.121306 15.800164
174.857143 1 -19.364518 75.155978
174.857143 2 -80.884413 47.351453
174.857143 4 -149.141299 33.927803
174.857143 7 -55.125753 26.631302
153.000000 1 -453.166390 221.165253
153.000000 2 -109.428787 142.001179
153.000000 4 -46.903140 73.889501
153.000000 7 -112.079165 64.888238
136.000000 1 -347.423425 489.527444
136.000000 2 694.510037 274.386416
136.000000 4 70.947587 241.058341
136.000000 7 -136.962160 167.567479
