204.416667 1 -6.720179 4.774403
204.416667 2 -2.537363 1.628034
204.416667 4 -15.394498 6.111978
204.416667 7 -41.162149 6.684235
175.214286 1 -15.915348 7.962439
175.214286 2 -18.928647 10.790764
175.214286 4 -48.472323 10.953166
175.214286 7 -151.125057 13.944629
153.312500 1 8.781163 55.773420
153.312500 2 -134.063728 81.117929
153.312500 4 -143.399594 94.240670
153.312500 7 -179.087300 60.794498
136.277778 1 -142.146859 182.942962
136.277778 2 -301.865471 601.604880
136.277778 4 -404.209930 514.620043
136.277778 7 -1005.054715 971.749477
