204.416667 1 -78.748371 24.780178
204.416667 2 -176.000275 45.701958
204.416667 4 -93.028749 13.093395
204.416667 7 -98.321717 15.832436
175.214286 1 -19.404070 75.309483
175.214286 2 -81.049618 47.448167
175.214286 4 -149.445918 33.997100
175.214286 7 -55.238346 26.685696
153.312500 1 -174.071108 366.808041
153.312500 2 -24.223537 242.489183
153.312500 4 -184.362340 287.738343
153.312500 7 -6.913633 127.294884
136.277778 1 752.885819 179.931214
136.277778 2 1002.286750 605.688011
136.277778 4 822.550081 568.289773
136.277778 7 333.984183 2468.481274
