204.416667 1 43.099355 49.137769
204.416667 2 -79.391260 71.882167
204.416667 4 -2.234132 16.866434
204.416667 7 -28.108255 21.102236
175.214286 1 298.515735 137.709996
175.214286 2 117.348065 94.997162
175.214286 4 -81.521990 38.008982
175.214286 7 -105.804777 30.305515
153.312500 1 574.985685 501.494499
153.312500 2 -76.305802 303.308339
153.312500 4 -270.842687 274.777532
153.312500 7 -90.020122 120.307628
136.277778 1 622.641297 318.202980
136.277778 2 707.056332 168.362063
136.277778 4 463.024280 372.484814
136.277778 7 -669.836497 1982.564913
