204.416667 1 -18.430424 13.182102
204.416667 2 -23.508283 20.478453
204.416667 4 -10.372157 11.054432
204.416667 7 -16.784558 9.176615
175.214286 1 34.883335 40.932910
175.214286 2 31.664331 37.633258
175.214286 4 -75.979785 19.473413
175.214286 7 -149.354808 15.047977
153.312500 1 -10.908702 55.653852
153.312500 2 -175.110496 56.395354
153.312500 4 -276.966585 32.697538
153.312500 7 -299.877906 22.768114
136.277778 1 -185.051998 115.532105
136.277778 2 -287.758047 75.596532
136.277778 4 -384.864942 56.651485
136.277778 7 -401.321764 39.696665
