204.416667 1 708.337753 373.159470
204.416667 2 392.521672 260.790019
204.416667 4 143.114309 74.807456
204.416667 7 318.081279 84.799544
175.214286 1 380.486364 938.047854
175.214286 2 48.260470 1314.992808
175.214286 4 501.014988 122.269574
175.214286 7 729.528383 96.547327
153.312500 1 190.525005 102.826610
153.312500 2 318.675565 194.629423
153.312500 4 444.503541 211.372967
153.312500 7 668.508440 153.762629
136.277778 1 -188.314223 286.934277
136.277778 2 146.502280 2336.245605
136.277778 4 700.768220 197.489753
136.277778 7 852.256375 228.277329
