# beta,  Z_m(beta),  chi_disc(lattice unit) error  chi_disc(GeV^2 renormalized)  error
4.13     0.937703     1.35367827e-01     4.71538507e-03     7.53059736e-01     2.62319837e-02    
4.15     0.952390     1.43432328e-01     4.91605385e-03     8.59952543e-01     2.94743387e-02    
4.17     0.966247     5.30757710e-02     6.11127279e-03     3.42058925e-01     3.93854929e-02    
4.17     0.966247     8.08262992e-02     1.33386352e-02     5.20903541e-01     8.59638800e-02    
4.17     0.966247     1.42641646e-01     4.28283224e-03     9.19286661e-01     2.76016903e-02    
4.17     0.966247     7.08528855e-02     1.01043339e-02     4.56627599e-01     6.51196868e-02    
4.17     0.966247     2.26109984e-02     8.68627132e-03     1.45721742e-01     5.59806590e-02    
4.17     0.966247     7.37122192e-02     3.14075681e-02     4.75055228e-01     2.02413244e-01    
4.18     0.972899     1.44941912e-01     5.11498359e-03     9.66637632e-01     3.41125321e-02    
4.20     0.985710     1.10501166e-01     3.99494798e-03     7.88323139e-01     2.85002416e-02    
4.23     1.003850     5.13341220e-02     2.90527300e-03     4.05932034e-01     2.29738687e-02    
4.30     1.042240     6.84979107e-03     1.43115915e-03     6.62090954e-02     1.38333785e-02    
4.405    1.092740     5.78842436e-06     1.13336281e-06     7.24370084e-05     1.41830326e-05    
