146.6667 1 1192.8890751205074 928.4493808068787
146.6667 2 -331.1033265507945 2048.0141893278023
146.6667 4 -219.4130190281032 576.1284820384824
146.6667 7 306.21807459596 211.42040403658146
165.0 1 -305.25487266387944 870.2476649322696
165.0 2 -720.2332852042571 1136.497264294988
165.0 4 266.2280815608171 254.7346927965606
165.0 7 -207.1924263440786 219.73273691594292
188.5714 1 217.17784453555416 138.98283515691148
188.5714 2 329.3099572088256 203.88855288968088
188.5714 4 12.81767906672707 113.68203293019985
188.5714 7 -54.85819915676052 124.00752170903131
220.0 1 202.53435481705495 137.80833526666038
220.0 2 -46.06747700628811 84.28325838055231
220.0 4 6.339441555127735 40.062835706173374
220.0 7 124.25304260075173 56.58022742375646
