146.6667 1 237.6237454295258 287.16888367495966
146.6667 2 -243.70723595650202 11.943791841728753
146.6667 4 368.99596526758097 2149.5683984029833
146.6667 7 500.4434489751172 201.6373734237579
165.0 1 16.379797581826892 231.6666606374043
165.0 2 148.27107702491926 172.7415088403895
165.0 4 1356.3789123475647 1868.2720580816465
165.0 7 70.2276347728085 634.6362714376539
188.5714 1 467.2700709420639 368.7379713828843
188.5714 2 297.80959754188945 396.36964048656336
188.5714 4 340.0245113479866 786.7240470853474
188.5714 7 1254.12050721748 484.6041950939701
220.0 1 473.1064367805201 304.6226450506057
220.0 2 566.4213061560927 339.15143091795215
220.0 4 273.27715257194717 125.87462307789028
220.0 7 292.6691911625096 76.38509759895976
