146.6667 1 136.51165400057874 209.1349635333236
146.6667 2 -335.16344095167733 372.82698262436185
146.6667 4 -166.50945513273413 278.7153513036154
146.6667 7 -278.8106951617101 240.13095163658738
165.0 1 -143.39347458911914 78.43324038428155
165.0 2 -2.894727309193924 142.45862329763793
165.0 4 -348.50389092721434 117.51839385990178
165.0 7 -191.29094891194325 92.54532794552567
188.5714 1 -41.82464028112411 15.373463267714985
188.5714 2 -32.91476851989079 21.23597740931374
188.5714 4 -98.80870834759983 36.58311010422212
188.5714 7 -248.8853149930592 54.39075261305054
220.0 1 -2.214282942991884 1.4598182292701445
220.0 2 -3.122958561780816 0.9926317955072737
220.0 4 -2.2560437600251784 9.352595064758136
220.0 7 -63.92814978172196 40.200617518252486
