146.6667 1 751.4337614051216 845.8245807525872
146.6667 2 -135.02379447983455 2124.6786839357824
146.6667 4 169.03199573824477 658.6920371322232
146.6667 7 492.6464528155518 265.842532836265
165.0 1 -27.691747816255454 836.7923591412248
165.0 2 -867.2132282042617 1134.958079835368
165.0 4 392.0221637183889 204.66976471630653
165.0 7 -0.28023419249789533 213.22673835006827
188.5714 1 34.997680826927954 91.71748749457804
188.5714 2 112.20985366306978 117.31481483435086
188.5714 4 36.145282164425474 109.34835971631392
188.5714 7 37.94035517821647 116.06968825105724
220.0 1 -22.295582934915704 75.74346379002104
220.0 2 -160.22532314406698 52.765170765175945
220.0 4 -141.85211549076868 31.143856472652757
220.0 7 30.826888020274854 74.94642173997737
